5.9624,0.77785,60,1,1
5.9624,0.28063,60,1,1
5.9624,0.77785,60,2,1
5.9624,0,60,2,1
5.9624,0.28063,60,2,1
4.9883,0.86235,60,3,1
4.9883,0.26986,60,3,1
6.3727,0.68503,60,4,1
6.3727,0,60,4,1
4.0727,0.86781,150,1,1
4.0727,0.42055,150,1,1
4.0727,0.86781,150,2,1
4.0727,0,150,2,1
4.0727,0.42055,150,2,1
4.9375,0.7988,150,3,1
4.9375,0.34437,150,3,1
5.0281,0.82954,150,4,1
5.0281,0.20312,150,4,1
4.9034,0.8001,240,1,1
4.9034,0.31894,240,1,1
4.9034,0.8001,240,2,1
4.9034,0,240,2,1
4.9034,0.31894,240,2,1
3.8452,0.87206,240,3,1
3.8452,0.24312,240,3,1
5.0799,0.6968,240,4,1
5.0799,0.26832,240,4,1
5.2484,0.79931,60,1,2
5.2484,0.22514,60,1,2
5.2484,0.79931,60,2,2
5.2484,0,60,2,2
5.2484,0.22514,60,2,2
5.4958,0.80919,60,3,2
5.4958,0.35346,60,3,2
5.5422,0.79737,60,4,2
5.5422,0.085543,60,4,2
3.7951,0.81594,150,1,2
3.7951,0.56886,150,1,2
3.7238,0.86167,150,2,2
3.7238,0.10396,150,2,2
3.7238,0.54289,150,2,2
5.7177,0.64346,150,3,2
5.7177,0.4727,150,3,2
3.6175,1.0492,150,4,2
3.6175,0.61823,150,4,2
5.121,0.76711,240,1,2
5.121,0.2498,240,1,2
5.121,0.76711,240,2,2
5.121,0,240,2,2
5.121,0.2498,240,2,2
5.6725,0.72032,240,3,2
5.6725,0.39849,240,3,2
5.2118,0.8544,240,4,2
5.2118,0.20994,240,4,2
7.8006,0.4314,60,1,3
7.8006,0.043729,60,1,3
7.8006,0.4314,60,2,3
7.8006,0,60,2,3
7.8006,0.043729,60,2,3
7.7912,0.38942,60,3,3
7.7912,0.22279,60,3,3
7.8078,0.45107,60,4,3
7.8078,0,60,4,3
6.4596,0.53549,150,1,3
6.4596,0.50495,150,1,3
6.4596,0.53549,150,2,3
6.4596,0,150,2,3
6.4596,0.50495,150,2,3
4.8584,0.73878,150,3,3
4.8584,0.59285,150,3,3
6.838,0.5758,150,4,3
6.838,0.40407,150,4,3
6.808,0.094369,240,1,3
6.808,0.72898,240,1,3
6.808,0.094369,240,2,3
6.808,0,240,2,3
6.808,0.72898,240,2,3
6.6154,0.21449,240,3,3
6.6154,0.77603,240,3,3
7.4235,0.052168,240,4,3
7.4235,0.54876,240,4,3
4.4853,0.79789,60,1,4
4.4853,0.23102,60,1,4
4.1316,0.75611,60,2,4
4.1316,0.2076,60,2,4
4.1316,0.19483,60,2,4
2.2546,0.93264,60,3,4
2.2546,0.49833,60,3,4
4.3199,0.80224,60,4,4
4.3199,0.26949,60,4,4
4.4915,0.85233,150,1,4
4.4915,0,150,1,4
3.0799,0.92057,150,2,4
3.0799,0.38112,150,2,4
3.0799,0,150,2,4
6.1369,0.72939,150,3,4
6.1369,0.097591,150,3,4
4.4711,0.87015,150,4,4
4.4711,0.054048,150,4,4
4.5719,0.8539,240,1,4
4.5719,0.056667,240,1,4
4.5719,0.8539,240,2,4
4.5719,0,240,2,4
4.5719,0.056667,240,2,4
4.2324,0.89327,240,3,4
4.2324,0.10668,240,3,4
4.5209,0.86412,240,4,4
4.5209,0.097691,240,4,4
6.9867,0.44046,60,1,5
6.9867,0.36986,60,1,5
6.9867,0.44046,60,2,5
6.9867,0,60,2,5
6.9867,0.36986,60,2,5
5.4218,0.68896,60,3,5
5.4218,0.56999,60,3,5
7.6204,0.45484,60,4,5
7.6204,0.098223,60,4,5
7.5871,0.48533,150,1,5
7.5871,0.47699,150,1,5
7.5871,0.48533,150,2,5
7.5871,0,150,2,5
7.5871,0.47699,150,2,5
6.0769,0.70513,150,3,5
6.0769,0.44123,150,3,5
7.607,0.44639,150,4,5
7.607,0.4358,150,4,5
6.7556,0.47795,240,1,5
6.7556,0.33691,240,1,5
6.6839,0.40541,240,2,5
6.6839,0.13416,240,2,5
6.6839,0.34366,240,2,5
4.4809,0.73028,240,3,5
4.4809,0.50201,240,3,5
6.7943,0.4428,240,4,5
6.7943,0.30579,240,4,5
6.9856,0.47905,60,1,6
6.9856,0.26446,60,1,6
5.6669,0.10656,60,2,6
5.6669,0.65682,60,2,6
5.6669,0.12643,60,2,6
5.5655,0.6861,60,3,6
5.5655,0.24521,60,3,6
6.3356,0.42096,60,4,6
6.3356,0.44175,60,4,6
8.2972,0.33942,150,1,6
8.2972,0,150,1,6
8.2972,0.33942,150,2,6
8.2972,0,150,2,6
8.2972,0,150,2,6
5.6769,0.86833,150,3,6
5.6769,0.48614,150,3,6
8.2972,0.33942,150,4,6
8.2972,0,150,4,6
8.0033,0.4117,240,1,6
8.0033,0.17464,240,1,6
7.2835,0.20421,240,2,6
7.2835,0.43538,240,2,6
7.2835,0.11436,240,2,6
5.8898,0.77722,240,3,6
5.8898,0.41263,240,3,6
8.0815,0.39457,240,4,6
8.0815,0,240,4,6
6.6656,0.68229,60,1,7
6.6656,0.14213,60,1,7
5.0241,0.69418,60,2,7
5.0241,0.50215,60,2,7
5.0241,0.21822,60,2,7
4.059,0.89591,60,3,7
4.059,0,60,3,7
5.4574,0.50322,60,4,7
5.4574,0.49056,60,4,7
7.4442,0.50867,150,1,7
7.4442,0.010953,150,1,7
4.8049,0.5926,150,2,7
4.8049,0.66202,150,2,7
4.8049,0,150,2,7
3.9769,0.88481,150,3,7
3.9769,0.028913,150,3,7
7.2728,0.48028,150,4,7
7.2728,0.19093,150,4,7
6.3677,0.64238,240,1,7
6.3677,0.10361,240,1,7
5.757,0.65378,240,2,7
5.757,0.32233,240,2,7
5.757,0.066461,240,2,7
4.4355,0.82096,240,3,7
4.4355,0.29133,240,3,7
5.4248,0.61029,240,4,7
5.4248,0.40735,240,4,7
6.5795,0.64773,60,1,8
6.5795,0.18843,60,1,8
5.9955,0.53117,60,2,8
5.9955,0.35998,60,2,8
5.9955,0.043666,60,2,8
4.2355,0.87458,60,3,8
4.2355,0.060974,60,3,8
6.5724,0.59674,60,4,8
6.5724,0.18794,60,4,8
5.8521,0.72973,150,1,8
5.8521,0.048507,150,1,8
4.9106,0.69514,150,2,8
4.9106,0.36796,150,2,8
4.9106,0.019113,150,2,8
3.9833,0.87911,150,3,8
3.9833,0.2325,150,3,8
5.3011,0.67044,150,4,8
5.3011,0.29785,150,4,8
6.1232,0.69929,240,1,8
6.1232,0.10631,240,1,8
5.8822,0.66243,240,2,8
5.8822,0.20165,240,2,8
5.8822,0.081243,240,2,8
3.573,0.90907,240,3,8
3.573,0.18788,240,3,8
4.9676,0.70451,240,4,8
4.9676,0.42771,240,4,8
7.2539,0.55629,60,1,9
7.2539,0,60,1,9
7.2539,0.55629,60,2,9
7.2539,0,60,2,9
7.2539,0,60,2,9
7.9578,0.52618,60,3,9
7.9578,0.24862,60,3,9
6.3174,0.49788,60,4,9
6.3174,0.41322,60,4,9
6.1273,0.82391,150,1,9
6.1273,0.38442,150,1,9
6.1273,0.82391,150,2,9
6.1273,0,150,2,9
6.1273,0.38442,150,2,9
8.7045,0.18763,150,3,9
8.7045,0,150,3,9
4.5479,0.69916,150,4,9
4.5479,0.56357,150,4,9
8.0665,0.24102,240,1,9
8.0665,0.35119,240,1,9
7.4909,0.15762,240,2,9
7.4909,0.361,240,2,9
7.4909,0.48366,240,2,9
8.3263,0.013368,240,3,9
8.3263,0.41498,240,3,9
8.3046,0.20482,240,4,9
8.3046,0.19179,240,4,9
5.6346,0.57457,60,1,10
5.6346,0.30633,60,1,10
5.6346,0.57457,60,2,10
5.6346,0,60,2,10
5.6346,0.30633,60,2,10
5.9438,0.53129,60,3,10
5.9438,0.32437,60,3,10
5.8551,0.51128,60,4,10
5.8551,0.28084,60,4,10
5.0673,0.81391,150,1,10
5.0673,0,150,1,10
4.8488,0.69792,150,2,10
4.8488,0.20582,150,2,10
4.8488,0,150,2,10
5.4342,0.7741,150,3,10
5.4342,0.11308,150,3,10
5.0296,0.78429,150,4,10
5.0296,0.086226,150,4,10
5.7553,0.75166,240,1,10
5.7553,0,240,1,10
5.7334,0.69546,240,2,10
5.7334,0.081087,240,2,10
5.7334,0,240,2,10
6.1333,0.77141,240,3,10
6.1333,0.16258,240,3,10
5.7517,0.74733,240,4,10
5.7517,0.024744,240,4,10
7.8606,0.076001,60,1,11
7.8606,0.47307,60,1,11
6.6809,0.11415,60,2,11
6.6809,0.55062,60,2,11
6.6809,0.381,60,2,11
6.7274,0.49792,60,3,11
6.7274,0.62712,60,3,11
8.5738,0.029904,60,4,11
8.5738,0.18769,60,4,11
8.1725,0.30798,150,1,11
8.1725,0.18799,150,1,11
7.8715,0.29438,150,2,11
7.8715,0.29781,150,2,11
7.8715,0.30814,150,2,11
6.6697,0.64295,150,3,11
6.6697,0,150,3,11
6.0002,0.33743,150,4,11
6.0002,0.66035,150,4,11
7.9642,0.42935,240,1,11
7.9642,0,240,1,11
6.7505,0.5996,240,2,11
6.7505,0.52157,240,2,11
6.7505,0,240,2,11
6.4054,0.69291,240,3,11
6.4054,0.036201,240,3,11
7.5075,0.31088,240,4,11
7.5075,0.33447,240,4,11
