16.921,0.99484,60,1,1
16.921,0.2142,60,1,1
16.921,0.99484,60,2,1
16.921,0,60,2,1
16.921,0.2142,60,2,1
14.758,0.96399,60,3,1
14.758,0.22525,60,3,1
17.551,0.94336,60,4,1
17.551,0,60,4,1
8.0094,0.81377,150,1,1
8.0094,0.37867,150,1,1
8.0094,0.81377,150,2,1
8.0094,0,150,2,1
8.0094,0.37867,150,2,1
10.616,0.70599,150,3,1
10.616,0.29606,150,3,1
9.9852,0.75851,150,4,1
9.9852,0.30253,150,4,1
15.389,0.82954,240,1,1
15.389,0.29306,240,1,1
15.389,0.82954,240,2,1
15.389,0,240,2,1
15.389,0.29306,240,2,1
13.059,0.81068,240,3,1
13.059,0.2767,240,3,1
15.155,0.69603,240,4,1
15.155,0.44133,240,4,1
10.125,1.2883,60,1,2
10.125,0.16982,60,1,2
10.125,1.2883,60,2,2
10.125,0,60,2,2
10.125,0.16982,60,2,2
7.1847,0.70189,60,3,2
7.1847,0.35976,60,3,2
10.367,1.3496,60,4,2
10.367,0.10489,60,4,2
5.5855,0.76005,150,1,2
5.5855,0.37733,150,1,2
5.5855,0.76005,150,2,2
5.5855,0,150,2,2
5.5855,0.37733,150,2,2
7.0708,0.22668,150,3,2
7.0708,0.25401,150,3,2
6.6902,0.77225,150,4,2
6.6902,0.1918,150,4,2
7.1048,0.71888,240,1,2
7.1048,0.20854,240,1,2
7.1048,0.71888,240,2,2
7.1048,0,240,2,2
7.1048,0.20854,240,2,2
7.0181,0.32594,240,3,2
7.0181,0.353,240,3,2
7.5936,0.76422,240,4,2
7.5936,0.0034033,240,4,2
11.013,0.37733,60,1,3
11.013,0,60,1,3
11.013,0.37733,60,2,3
11.013,0,60,2,3
11.013,0,60,2,3
9.8203,0.37654,60,3,3
9.8203,0.034852,60,3,3
11.013,0.37733,60,4,3
11.013,0,60,4,3
5.6638,0.52732,150,1,3
5.6638,0.2949,150,1,3
5.6638,0.52732,150,2,3
5.6638,0,150,2,3
5.6638,0.2949,150,2,3
5.3711,0.35094,150,3,3
5.3711,0.30285,150,3,3
6.7557,0.4783,150,4,3
6.7557,0.21275,150,4,3
6.9385,0.13465,240,1,3
6.9385,0.23908,240,1,3
6.9385,0.13465,240,2,3
6.9385,0,240,2,3
6.9385,0.23908,240,2,3
6.9974,0.059547,240,3,3
6.9974,0.24365,240,3,3
7.4084,0.081385,240,4,3
7.4084,0.20834,240,4,3
12.588,0.76716,60,1,4
12.588,0.49228,60,1,4
11.203,0.67632,60,2,4
11.203,0.53469,60,2,4
11.203,0.38422,60,2,4
5.0708,0.93597,60,3,4
5.0708,0.60898,60,3,4
12.033,0.73037,60,4,4
12.033,0.8558,60,4,4
10.344,0.70822,150,1,4
10.344,0,150,1,4
8.508,0.71906,150,2,4
8.508,0.44201,150,2,4
8.508,0,150,2,4
12.962,0.94603,150,3,4
12.962,0.046964,150,3,4
10.344,0.70822,150,4,4
10.344,0,150,4,4
9.4301,0.83199,240,1,4
9.4301,0.11591,240,1,4
9.4301,0.83199,240,2,4
9.4301,0,240,2,4
9.4301,0.11591,240,2,4
8.9922,0.98687,240,3,4
8.9922,0.25621,240,3,4
8.6368,0.82224,240,4,4
8.6368,0.40521,240,4,4
12.372,0.51015,60,1,5
12.372,0.40295,60,1,5
12.372,0.51015,60,2,5
12.372,0,60,2,5
12.372,0.40295,60,2,5
10.175,0.63322,60,3,5
10.175,0.50694,60,3,5
13.54,0.51728,60,4,5
13.54,0.31765,60,4,5
11.035,0.41782,150,1,5
11.035,0.22597,150,1,5
11.035,0.41782,150,2,5
11.035,0,150,2,5
11.035,0.22597,150,2,5
9.0052,0.53581,150,3,5
9.0052,0.23176,150,3,5
11.077,0.38128,150,4,5
11.077,0.21896,150,4,5
12.75,0.5036,240,1,5
12.75,0.30193,240,1,5
12.355,0.39364,240,2,5
12.355,0.53518,240,2,5
12.355,0.33295,240,2,5
9.1883,0.65945,240,3,5
9.1883,0.41995,240,3,5
12.693,0.45491,240,4,5
12.693,0.29887,240,4,5
15.717,0.76041,60,1,6
15.717,0.33916,60,1,6
14.654,0.46185,60,2,6
14.654,1.3038,60,2,6
14.654,0.1868,60,2,6
13.724,0.88023,60,3,6
13.724,0.21737,60,3,6
14.518,0.72421,60,4,6
14.518,0.77313,60,4,6
10.313,0.33519,150,1,6
10.313,0,150,1,6
10.313,0.33519,150,2,6
10.313,0,150,2,6
10.313,0,150,2,6
7.9816,0.7891,150,3,6
7.9816,0.20733,150,3,6
10.313,0.33519,150,4,6
10.313,0,150,4,6
17.437,0.63203,240,1,6
17.437,0.22967,240,1,6
17.316,0.60647,240,2,6
17.316,0.27483,240,2,6
17.316,0.22104,240,2,6
12.495,1.2186,240,3,6
12.495,0.6184,240,3,6
17.614,0.67951,240,4,6
17.614,0.15591,240,4,6
14.235,1.1775,60,1,7
14.235,0.21207,60,1,7
10.478,1.0839,60,2,7
10.478,0.69307,60,2,7
10.478,0.098631,60,2,7
9.6424,0.7846,60,3,7
9.6424,0,60,3,7
10.18,1.055,60,4,7
10.18,0.56971,60,4,7
13.77,0.96007,150,1,7
13.77,0.00070155,150,1,7
9.9971,1.0306,150,2,7
9.9971,0.50138,150,2,7
9.9971,0,150,2,7
7.9094,0.82335,150,3,7
7.9094,0,150,3,7
13.41,0.97704,150,4,7
13.41,0.20069,150,4,7
8.4949,0.7294,240,1,7
8.4949,0.18369,240,1,7
8.0872,0.75875,240,2,7
8.0872,0.15701,240,2,7
8.0872,0.19612,240,2,7
6.7608,0.47576,240,3,7
6.7608,0.216,240,3,7
5.7467,0.81445,240,4,7
5.7467,0.45597,240,4,7
19.339,0.88592,60,1,8
19.339,0,60,1,8
17.532,0.75181,60,2,8
17.532,0.71595,60,2,8
17.532,0,60,2,8
9.8896,1.0203,60,3,8
9.8896,0,60,3,8
19.187,0.84024,60,4,8
19.187,0.21206,60,4,8
11.748,0.72271,150,1,8
11.748,0,150,1,8
9.8476,0.65326,150,2,8
9.8476,0.45472,150,2,8
9.8476,0,150,2,8
8.0021,0.81372,150,3,8
8.0021,0.3769,150,3,8
9.9388,0.66564,150,4,8
9.9388,0.44588,150,4,8
16.787,0.80732,240,1,8
16.787,0.2559,240,1,8
16.278,0.74281,240,2,8
16.278,0.36091,240,2,8
16.278,0.23078,240,2,8
8.8498,1.1944,240,3,8
8.8498,0.25561,240,3,8
14.637,0.76568,240,4,8
14.637,0.68842,240,4,8
12,0.90386,60,1,9
12,0,60,1,9
12,0.90386,60,2,9
12,0,60,2,9
12,0,60,2,9
13.762,0.90724,60,3,9
13.762,0,60,3,9
11.764,0.89345,60,4,9
11.764,0.25253,60,4,9
9.2479,0.82552,150,1,9
9.2479,0.13533,150,1,9
9.2479,0.82552,150,2,9
9.2479,0,150,2,9
9.2479,0.13533,150,2,9
13.291,0.46817,150,3,9
13.291,0,150,3,9
8.2876,0.80494,150,4,9
8.2876,0.34534,150,4,9
13.289,0.53688,240,1,9
13.289,0.52426,240,1,9
12.439,0.39543,240,2,9
12.439,0.74636,240,2,9
12.439,0.72335,240,2,9
14.867,0.096246,240,3,9
14.867,0.65996,240,3,9
13.49,0.45226,240,4,9
13.49,0.2563,240,4,9
16.376,0.62778,60,1,10
16.376,0.37355,60,1,10
16.376,0.62778,60,2,10
16.376,0,60,2,10
16.376,0.37355,60,2,10
15.349,0.9055,60,3,10
15.349,0.39738,60,3,10
16.546,0.58897,60,4,10
16.546,0.36791,60,4,10
9.5477,0.74614,150,1,10
9.5477,0,150,1,10
9.5172,0.71694,150,2,10
9.5172,0.093537,150,2,10
9.5172,0,150,2,10
8.5607,0.76363,150,3,10
8.5607,0.041548,150,3,10
9.5477,0.74614,150,4,10
9.5477,0,150,4,10
10.146,0.60112,240,1,10
10.146,0,240,1,10
9.9024,0.48512,240,2,10
9.9024,0.34199,240,2,10
9.9024,0,240,2,10
8.7405,0.82064,240,3,10
8.7405,0.26372,240,3,10
10.146,0.60112,240,4,10
10.146,0,240,4,10
14.213,0.15287,60,1,11
14.213,0.72289,60,1,11
12.394,0.19857,60,2,11
12.394,0.82481,60,2,11
12.394,0.54769,60,2,11
9.5484,1.2565,60,3,11
9.5484,0.84743,60,3,11
15.262,0.049385,60,4,11
15.262,0.36348,60,4,11
11.195,0.32346,150,1,11
11.195,0.16575,150,1,11
10.991,0.28845,150,2,11
10.991,0.35979,150,2,11
10.991,0.30962,150,2,11
7.9948,0.97302,150,3,11
7.9948,0,150,3,11
8.9272,0.34968,150,4,11
8.9272,0.70581,150,4,11
13.472,0.60092,240,1,11
13.472,0,240,1,11
9.4898,0.80398,240,2,11
9.4898,1.4046,240,2,11
9.4898,0.009505,240,2,11
10.25,1.1105,240,3,11
10.25,0.10483,240,3,11
12.279,0.47894,240,4,11
12.279,0.5289,240,4,11
